t1 = [1, 2, 3];
t2 = [2, 2, 5];

t = [t1; t2];

t1
t2
t